Total packets detected: 19

----------------------------------
Packet 1
Bit position: 8117
Header: [3, 255, 252, 28, 63, 255]
Payload start: [255, 7, 128, 63, 255, 193, 224, 31, 255, 240, 120, 3, 255, 254, 30, 0, 255, 255, 7, 128]

----------------------------------
Packet 2
Bit position: 15711
Header: [3, 255, 252, 31, 240, 15]
Payload start: [0, 120, 127, 195, 192, 31, 225, 240, 0, 15, 128, 0, 60, 1, 224, 0, 255, 0, 120, 0]

----------------------------------
Packet 3
Bit position: 77941
Header: [127, 199, 252, 31, 255, 224]
Payload start: [255, 240, 127, 252, 63, 193, 224, 0, 240, 15, 135, 128, 60, 1, 225, 224, 15, 0, 120, 7]

----------------------------------
Packet 4
Bit position: 82238
Header: [3, 195, 252, 31, 254, 0]
Payload start: [255, 255, 128, 127, 195, 193, 224, 0, 240, 255, 248, 0, 60, 3, 254, 0, 15, 7, 255, 128]

----------------------------------
Packet 5
Bit position: 97649
Header: [11, 135, 252, 63, 225, 225]
Payload start: [255, 15, 240, 120, 127, 195, 252, 30, 31, 240, 240, 7, 135, 252, 3, 193, 225, 255, 0, 0]

----------------------------------
Packet 6
Bit position: 121426
Header: [3, 195, 252, 31, 224, 15]
Payload start: [255, 7, 128, 63, 255, 240, 0, 31, 255, 255, 248, 3, 195, 255, 224, 0, 15, 240, 7, 255]

----------------------------------
Packet 7
Bit position: 123536
Header: [127, 199, 252, 31, 224, 31]
Payload start: [255, 15, 255, 255, 255, 193, 225, 224, 15, 240, 135, 135, 131, 252, 0, 0, 0, 255, 0, 120]

----------------------------------
Packet 8
Bit position: 131637
Header: [63, 255, 252, 31, 254, 0]
Payload start: [255, 135, 128, 3, 255, 225, 225, 240, 255, 248, 120, 124, 63, 254, 30, 31, 240, 255, 7, 135]

----------------------------------
Packet 9
Bit position: 165539
Header: [30, 143, 240, 15, 135, 255]
Payload start: [252, 1, 225, 255, 255, 0, 127, 128, 63, 192, 31, 254, 15, 240, 0, 7, 131, 252, 0, 1]

----------------------------------
Packet 10
Bit position: 180861
Header: [3, 255, 252, 31, 225, 255]
Payload start: [240, 240, 120, 127, 254, 30, 30, 31, 255, 15, 128, 7, 255, 252, 30, 0, 255, 255, 255, 255]

----------------------------------
Packet 11
Bit position: 205422
Header: [15, 255, 252, 28, 1, 255]
Payload start: [255, 7, 128, 127, 255, 193, 224, 31, 255, 240, 248, 7, 255, 252, 62, 1, 255, 255, 7, 128]

----------------------------------
Packet 12
Bit position: 213249
Header: [11, 255, 254, 31, 0, 255]
Payload start: [255, 135, 192, 63, 255, 224, 240, 15, 255, 248, 60, 3, 255, 254, 15, 0, 255, 255, 195, 192]

----------------------------------
Packet 13
Bit position: 214272
Header: [31, 255, 252, 60, 1, 255]
Payload start: [255, 15, 0, 255, 255, 195, 192, 31, 255, 240, 240, 7, 255, 252, 60, 1, 255, 255, 15, 0]

----------------------------------
Packet 14
Bit position: 217163
Header: [11, 223, 254, 15, 0, 255]
Payload start: [255, 131, 192, 63, 255, 240, 224, 7, 255, 248, 60, 3, 255, 254, 15, 0, 127, 255, 195, 192]

----------------------------------
Packet 15
Bit position: 230676
Header: [3, 255, 252, 31, 0, 255]
Payload start: [255, 135, 128, 63, 255, 225, 224, 15, 255, 248, 120, 3, 255, 254, 30, 0, 255, 255, 135, 192]

----------------------------------
Packet 16
Bit position: 231663
Header: [3, 255, 254, 29, 0, 255]
Payload start: [255, 135, 128, 63, 255, 225, 224, 15, 255, 248, 120, 3, 255, 254, 31, 0, 255, 255, 135, 192]

----------------------------------
Packet 17
Bit position: 264167
Header: [3, 255, 252, 31, 0, 255]
Payload start: [255, 135, 128, 63, 255, 225, 224, 15, 255, 248, 124, 3, 255, 254, 30, 0, 255, 255, 135, 128]

----------------------------------
Packet 18
Bit position: 266209
Header: [2, 255, 254, 31, 0, 255]
Payload start: [255, 131, 192, 63, 255, 224, 240, 15, 255, 248, 60, 3, 255, 254, 15, 0, 255, 255, 131, 192]

----------------------------------
Packet 19
Bit position: 270702
Header: [3, 223, 254, 31, 0, 255]
Payload start: [255, 131, 128, 63, 255, 225, 240, 15, 255, 248, 60, 3, 255, 254, 31, 0, 255, 255, 135, 192]
